0.02586699867768367 0.0
0.0935955411403149 0.0
0.09531456725940611 0.0
0.10463548412651803 0.0
0.14463330301348104 0.0
0.2647078106521609 0.0
0.27808424908914453 0.0
0.28478021084426824 0.0
0.3027090119029033 0.0
0.3108330373305373 0.0
0.32431646927344976 0.0
0.3546148719591587 0.0
0.3984720419068788 0.0
0.42565377565839074 0.0
0.43332536241322234 0.0
0.49994413014001804 0.0
0.5131055371398154 0.0
0.5342686445989152 0.0
0.5412422191852839 0.0
0.5723605145215317 0.0
0.5795410674596545 0.0
0.6318523372462405 0.0
0.6425630829466392 0.0
0.6736327414336277 0.0
0.6739568375648493 0.0
0.6990496136579659 0.0
0.7271666102528725 0.0
0.759940352542382 0.0
0.7660037222709087 0.0
0.7725960754492266 0.0
0.7737101561218536 0.0
0.7904416195429096 0.0
0.7952270324638314 0.0
0.8049866023101029 0.0
0.8059461770714624 0.0
0.8227885567844303 0.0
0.8276519918985163 0.0
0.8457605445584343 0.0
0.8592983077325637 0.0
0.8601506541538261 0.0
0.864651869113766 0.0
0.8654273495773426 0.0
0.9026604082055608 0.0
0.9170633737811051 0.0
0.9313587410331304 0.0
0.9760184934622631 0.0
0.979581236181123 0.0
0.9868471931077113 0.0
0.9898013352598882 0.0
0.9933676013672983 0.0
1.003314886902998 0.0
1.0342127502509626 0.0
1.0361622726715602 0.0
1.0374752431187249 0.0
1.046211344428277 0.0
1.0569681688885284 0.0
1.0951416110860623 0.0
1.0966753562184024 0.0
1.1118240205932939 0.0
1.1124775372397187 0.0
1.1177917962957833 0.0
1.1233132846451068 0.0
1.1248980294097002 0.0
1.1265748274031318 0.0
1.1462105031939644 0.0
1.1494924466745582 0.0
1.1552548964497287 0.0
1.174278643133118 0.0
1.1846899706877532 0.0
1.1849335078122174 0.0
1.1987308253474824 0.0
1.2133466892559401 0.0
1.243642984967378 0.0
1.2743171064313226 0.0
1.3227721819801812 0.0
1.3971494133896134 0.0
1.4416869501318619 0.0
1.4890038436708608 0.0
1.5020111367708184 0.0
1.5030601916641175 0.0
1.510459292637459 0.0
1.555017123088962 0.0
1.5571847658419862 0.0
1.559088414839756 0.0
1.5673234303350825 0.0
1.574516367000378 0.0
1.6040744420799076 0.0
1.6152602446802096 0.0
1.625573326476362 0.0
1.6293493339192964 0.0
1.631456662793993 0.0
1.6417756093463491 0.0
1.6656400727207614 0.0
1.6769907902668733 0.0
1.702850735881201 0.0
1.7193035020335719 0.0
1.7523421363113834 0.0
1.7523511366387776 0.0
1.7555417320278464 0.0
1.7654657128100688 0.0
1.7665250290696775 0.0
1.7730928965997437 0.0
1.7825493054609136 0.0
1.783408619000077 0.0
1.787110475060632 0.0
1.7873224480037189 0.0
1.7902810583797824 0.0
1.7918680669471831 0.0
1.8050505676879822 0.0
1.8325135975041371 0.0
1.8480010734354508 0.0
1.8497788399281194 0.0
1.8568986291560756 0.0
1.8688118867004306 0.0
1.8720330868227535 0.0
1.8827454601166622 0.0
1.887665166675999 0.0
1.9145913179083442 0.0
1.9162159079709646 0.0
1.9163156400993702 0.0
1.9272205618800013 0.0
1.9347673200077393 0.0
1.93566009569012 0.0
1.9472218915705555 0.0
1.9475314076510621 0.0
1.9521305685449952 0.0
1.9530470951842938 0.0
1.9801458335582582 0.0
2.0106259352546494 0.0
2.0145573457420567 0.0
2.0511450302424317 0.0
2.0521581500572914 0.0
2.062788583343706 0.0
2.0637531657430155 0.0
2.0704728772899545 0.0
2.0811327299687976 0.0
2.0848567596091794 0.0
2.0851229515392333 0.0
2.091380451249096 0.0
2.0932062601677863 0.0
2.106422724184375 0.0
2.106849100092575 0.0
2.113666249150536 0.0
2.1156712657345085 0.0
2.154025184860352 0.0
2.162367509974337 0.0
2.171571528352511 0.0
2.17970877806817 0.0
2.1815534448438503 0.0
2.183353617643704 0.0
2.1942678693456474 0.0
2.206518223639001 0.0
2.207030005404963 0.0
2.21951369188275 0.0
2.2272508661329846 0.0
2.235830276249726 0.0
2.2478760493339105 0.0
2.2533993547421276 0.0
2.2637501388921932 0.0
2.2666392066212295 0.0
2.2712593248189017 0.0
2.282372365821226 0.0
2.285813922511573 0.0
2.286139031536556 0.0
2.2868455818337585 0.0
2.291852974066776 0.0
2.2940516450463724 0.0
2.30031523330067 0.0
2.300633175632844 0.0
2.302396853314261 0.0
2.3026896075675465 0.0
2.3051226129312843 0.0
2.307607294303166 0.0
2.313254087643203 0.0
2.3157021029142655 0.0
2.320283348372253 0.0
2.3287632924034383 0.0
2.331442073773791 0.0
2.3485863185898626 0.0
2.3542708402941113 0.0
2.36743378953585 0.0
2.376800467131416 0.0
2.3841571865537516 0.0
2.3931686676217647 0.0
2.4027924577268323 0.0
2.4070980075046533 0.0
2.4258019950350342 0.0
2.4258414029187554 0.0
2.426428576984627 0.0
2.433788881416683 0.0
2.4432025588293675 0.0
2.4484336959733044 0.0
2.4691418472441873 0.0
2.4747565398278226 0.0
2.4859745526859127 0.0
2.4862384260037556 0.0
2.4888533229921808 0.0
2.491957159743352 0.0
2.5196388080332093 0.0
2.519801674603832 0.0
2.5223505706872547 0.0
2.530117316804711 0.0
2.5374078934166655 0.0
2.5381566237016964 0.0
2.5542647812885697 0.0
2.556084290895867 0.0
2.560154249508919 0.0
2.561646462674132 0.0
2.5640552025772867 0.0
2.5665495410588752 0.0
2.580294198132305 0.0
2.583109056457361 0.0
2.5854937202928405 0.0
2.5891128547400464 0.0
2.6164796114920077 0.0
2.619413802228651 0.0
2.64083183153205 0.0
2.6473755030213937 0.0
2.6713113874414067 0.0
2.6935835084497435 0.0
2.7129542910155617 0.0
2.7189980102670503 0.0
2.7226149752231925 0.0
2.7253204034120015 0.0
2.7264657614063963 0.0
2.7394403704853203 0.0
2.7422853243802106 0.0
2.7564899397073193 0.0
2.769344479052654 0.0
2.7863281876432957 0.0
2.7877953524664205 0.0
2.790188115668698 0.0
2.7906929393024624 0.0
2.8069320301721303 0.0
2.809070982120664 0.0
2.8150556678399816 0.0
2.821951879081421 0.0
2.8400062675531856 0.0
2.840356706158896 0.0
2.844669439064264 0.0
2.853837166213702 0.0
2.8558349925365674 0.0
2.8566447309894127 0.0
2.873644840038337 0.0
2.8765448709097137 0.0
2.9100747034759697 0.0
2.9106853327897344 0.0
2.9171409942923407 0.0
2.9190651349339203 0.0
2.9248239510175575 0.0
2.926573889188946 0.0
2.949003795905358 0.0
2.9512326157829056 0.0
2.955300956601869 0.0
2.9746849032585683 0.0
2.9793619369129716 0.0
2.982825550269467 0.0
2.999113778121675 0.0
3.000562973139654 0.0
3.0222194233938176 0.0
3.0264644280165016 0.0
3.0330483370950545 0.0
3.0397236100565825 0.0
3.063939738978941 0.0
3.0768631384303773 0.0
3.0901765278302182 0.0
3.1115457974764436 0.0
3.1184655134073833 0.0
3.1221269047871925 0.0
3.1244203710334393 0.0
3.1444785127948425 0.0
3.1650709706262483 0.0
3.174587826417172 0.0
3.178274105586309 0.0
3.178798314671136 0.0
3.18391102475891 0.0
3.190591943338495 0.0
3.1991904509272455 0.0
3.200686694686261 0.0
3.215071754411835 0.0
3.2229337581345137 0.0
3.2236003367491675 0.0
3.2279209741099235 0.0
3.2306286984867216 0.0
3.2309102909562952 0.0
3.2417204887544817 0.0
3.2436055175638705 0.0
3.244021426325647 0.0
3.2509587067991332 0.0
3.2659185612581054 0.0
3.2816400532739474 0.0
3.28489232754214 0.0
3.293652740723296 0.0
3.305221784912677 0.0
3.3136161454469346 0.0
3.325446917022685 0.0
3.327488042515875 0.0
3.3352109344712497 0.0
3.338609546574763 0.0
3.3459763539828042 0.0
3.354801074911083 0.0
3.3760353346105476 0.0
3.4308710067861443 0.0
3.4349603678875944 0.0
3.4354221233118225 0.0
3.4631193885257083 0.0
3.4944074070763995 0.0
3.506092524674992 0.0
3.5140551927148023 0.0
3.517275632314824 0.0
3.5239826283346245 0.0
3.5294087017242854 0.0
3.5457293218919927 0.0
3.546556448648061 0.0
3.5716088155331596 0.0
3.575865274251293 0.0
3.598855503604138 0.0
3.616287667521213 0.0
3.621252785749286 0.0
3.6491525290527993 0.0
3.6505191994921655 0.0
3.729729236788645 0.0
3.743806919052746 0.0
3.748835113731076 0.0
3.7604032092397754 0.0
3.8011239118891735 0.0
3.8038940088709072 0.0
3.81624710317864 0.0
3.834086230382367 0.0
3.8605729427224285 0.0
3.863466731024804 0.0
3.877261870288807 0.0
3.909483396209092 0.0
3.939063411419887 0.0
3.9921876563455414 0.0
4.06329350234036 0.0
4.080960275501765 0.0
4.087385546362397 0.0
4.090512218449074 0.0
4.17130576005394 0.0
4.173907656859051 0.0
4.196377062860899 0.0
4.19689460816902 0.0
4.198886687754618 0.0
4.210245022422394 0.0
4.211754422457739 0.0
4.213592780465393 0.0
4.249441314177336 0.0
4.270949892569467 0.0
4.281512595652341 0.0
4.2998581353247385 0.0
4.379750252223231 0.0
4.402759403789885 0.0
4.435191476435921 0.0
4.464259710814516 0.0
4.507891603851512 0.0
4.510178176137187 0.0
4.510220100699083 0.0
4.516942822885484 0.0
4.577277010876775 0.0
4.599951399017283 0.0
4.600344563833425 0.0
4.653094957713938 0.0
4.674741042699818 0.0
4.69751723589611 0.0
4.7045594034216265 0.0
4.756144063927949 0.0
4.779899360024461 0.0
4.803523978506408 0.0
4.812006119425729 0.0
4.814378929968257 0.0
4.821143935399182 0.0
4.865899583873897 0.0
4.869809688170002 0.0
4.89758199225608 0.0
4.902893201778925 0.0
4.906654480207751 0.0
4.9360375724797745 0.0
4.9383888327154635 0.0
4.94625842839467 0.0
4.961721112395513 0.0
4.964353660311087 0.0
4.968891840776804 0.0
4.990234093929617 0.0
4.99242182542429 0.0
4.992944145046335 0.0
5.000154375718029 0.0
5.002125067268785 0.0
5.009090332345914 0.0
5.011503595715339 0.0
5.0286871648149845 0.0
5.055387543567323 0.0
5.088286896440078 0.0
5.093927007788755 0.0
5.106454697922193 0.0
5.10886195660866 0.0
5.111728457558767 0.0
5.115493162858757 0.0
5.13743507212925 0.0
5.141499888974427 0.0
5.162121849595329 0.0
5.166899556902033 0.0
5.194879528957333 0.0
5.220270592954757 0.0
5.2928062779150205 0.0
5.293234155056704 0.0
5.298511199326786 0.0
5.300387836897096 0.0
5.30233867509062 0.0
5.325646994520191 0.0
5.347719737860441 0.0
5.347734358335082 0.0
5.34982446357417 0.0
5.378791175642251 0.0
5.396212554218996 0.0
5.462746210612253 0.0
5.5152260366332895 0.0
5.5223170748609425 0.0
5.5448024627212185 0.0
5.571544951640666 0.0
5.629833520787674 0.0
5.650750102057583 0.0
5.72064998105604 0.0
5.724226768035939 0.0
5.724380239760627 0.0
5.744371898668977 0.0
5.759962594107469 0.0
5.77852102644871 0.0
5.791230495460383 0.0
5.831944436288412 0.0
5.841195986355126 0.0
5.852762315584674 0.0
5.866403428770534 0.0
5.916554158280212 0.0
5.923148173688065 0.0
5.928806222233561 0.0
5.941500067485578 0.0
5.954095716824848 0.0
5.969294491144107 0.0
5.974543287679981 0.0
5.982550784988323 0.0
5.995272833700992 0.0
6.007060078757815 0.0
6.047389454607553 0.0
6.107454788508081 0.0
6.1276402362755995 0.0
6.2040910635497415 0.0
6.20759039065282 0.0
6.231875641575791 0.0
6.234647820697025 0.0
6.260561953833249 0.0
6.263653554973541 0.0
6.266798751171033 0.0
6.291845719024691 0.0
6.299343264199501 0.0
6.30783696263411 0.0
6.311978913984698 0.0
6.323672663562557 0.0
6.333597938047442 0.0
6.334103057669582 0.0
6.341753073939232 0.0
6.344615472944018 0.0
6.354881710480487 0.0
6.369565003706882 0.0
6.3839255956587815 0.0
6.4080555001655455 0.0
6.447232917515923 0.0
6.4640563735517675 0.0
6.473002815882831 0.0
6.501106342054919 0.0
6.522695589039509 0.0
6.5386729168015 0.0
6.545262157393864 0.0
6.558589683776932 0.0
6.570810132638831 0.0
6.622164693117609 0.0
6.629506899704992 0.0
6.647416864848647 0.0
6.711363046227963 0.0
6.726580742860729 0.0
6.730605965548019 0.0
6.750889201221154 0.0
6.758859716842354 0.0
6.781067936619734 0.0
6.834026375698961 0.0
6.855389688763096 0.0
6.883718195166021 0.0
6.887837851989838 0.0
6.892299508477433 0.0
6.896812425878003 0.0
6.924441961394365 0.0
7.034343249654018 0.0
7.054847468312537 0.0
7.064397199294653 0.0
7.087240761436939 0.0
7.135721594696949 0.0
7.141544480656952 0.0
7.171946864580798 0.0
7.18866891071076 0.0
7.202804790356724 0.0
7.225302097781922 0.0
7.23158529445342 0.0
7.237461621869708 0.0
7.258058439793947 0.0
7.259682291289913 0.0
7.271636074587021 0.0
7.283402360309881 0.0
7.295371791358189 0.0
7.326619718897722 0.0
7.332207539606399 0.0
7.344252483290354 0.0
7.361458777490186 0.0
7.364057144873376 0.0
7.37434401486008 0.0
7.459291319138879 0.0
7.460744493648733 0.0
7.468419825561551 0.0
7.471141083188643 0.0
7.477836662502936 0.0
7.4882411719035975 0.0
7.492919545331134 0.0
7.495950968340883 0.0
7.500075417941133 0.0
7.504057106840632 0.0
7.518894965714509 0.0
7.520244320331141 0.0
7.523373520746293 0.0
7.5259991270860125 0.0
7.559746752552299 0.0
7.564805750807864 0.0
7.589875403280222 0.0
7.605239323990689 0.0
7.607215523787187 0.0
7.607412981166245 0.0
7.622957142125426 0.0
7.630745005028394 0.0
7.637622720900199 0.0
7.648927885920487 0.0
7.671674195259138 0.0
7.697864168573156 0.0
7.70750197944875 0.0
7.716490171195977 0.0
7.727545554838464 0.0
7.739709383352671 0.0
7.761980464409842 0.0
7.76724901076512 0.0
7.7717554685234855 0.0
7.814524476219524 0.0
7.864339930592961 0.0
7.880714180947128 0.0
7.904791434993654 0.0
7.913574560227666 0.0
7.9280890283977286 0.0
7.939551497733643 0.0
7.9856031042406626 0.0
7.988327188081255 0.0
7.991731103035913 0.0
7.993079904033364 0.0
7.996041023873172 0.0
8.00383379415797 0.0
8.006249562135688 0.0
8.006488844100724 0.0
8.007197787340214 0.0
8.020215625681008 0.0
8.030897829348255 0.0
8.035859068867119 0.0
8.0568343290861 0.0
8.070632888978961 0.0
8.072440692000699 0.0
8.074854770084942 0.0
8.075058380083656 0.0
8.109047842444015 0.0
8.138337280161476 0.0
8.174480216660756 0.0
8.191308214183948 0.0
8.194407573657967 0.0
8.195560529500026 0.0
8.221011496607774 0.0
8.22791026611655 0.0
8.262205243347458 0.0
8.310613708248312 0.0
8.317743608815555 0.0
8.324536515489228 0.0
8.325863082178685 0.0
8.365062509790555 0.0
8.385947950050697 0.0
8.389500007531472 0.0
8.394714048674965 0.0
8.41076764032754 0.0
8.462665635460729 0.0
8.487357721648475 0.0
8.502983243340616 0.0
8.531594956689158 0.0
8.555628817535986 0.0
8.58062484361345 0.0
8.611835165697066 0.0
8.652725743536267 0.0
8.66723365995151 0.0
8.669908767658601 0.0
8.678030729366833 0.0
8.686802361887581 0.0
8.693631596513592 0.0
8.696662468313455 0.0
8.724522332601342 0.0
8.772441954877001 0.0
8.789950161845775 0.0
8.802824032776483 0.0
8.817183937825655 0.0
8.823099418655946 0.0
8.85242770146559 0.0
8.85377425880359 0.0
8.87700406742431 0.0
8.87874778415098 0.0
8.894116882735393 0.0
8.901610830160342 0.0
8.91257251825094 0.0
8.939932835829298 0.0
8.947190133693924 0.0
8.963818904450102 0.0
8.965021422857735 0.0
8.967836671680613 0.0
9.004002038711434 0.0
9.02449340628385 0.0
9.074428196421339 0.0
9.160988274969277 0.0
9.161209208249447 0.0
9.167254809687453 0.0
9.200241203259193 0.0
9.20462750176478 0.0
9.20513734556814 0.0
9.225637459989162 0.0
9.243192659321153 0.0
9.25185638131158 0.0
9.272647821390033 0.0
9.277360409180492 0.0
9.36487270879149 0.0
9.401613767985355 0.0
9.452380120951126 0.0
9.517591484783615 0.0
9.551435752594072 0.0
9.556556063677528 0.0
9.565023032515425 0.0
9.62348316794921 0.0
9.677959219268484 0.0
9.682298541067581 0.0
9.703125269483925 0.0
9.745926565283442 0.0
9.768815781465735 0.0
9.770589397229392 0.0
9.79498413683276 0.0
9.819473468889319 0.0
9.848547592658889 0.0
9.863460599727995 0.0
9.864799102365104 0.0
9.905550345078142 0.0
9.909188035998007 0.0
9.935105683648864 0.0
9.955726478006921 0.0
9.975860694760668 0.0
9.981757424546238 0.0
9.984007312278585 0.0
10.01167332965579 0.0
10.01270905498846 0.0
10.016494551774839 0.0
10.025418604284033 0.0
10.04935984605613 0.0
10.063416248410316 0.0
10.106356058221591 0.0
10.129769689307519 0.0
10.2006944127568 0.0
10.21543105594733 0.0
10.221269551342868 0.0
10.223975195409356 0.0
10.239508471980255 0.0
10.24838054430449 0.0
10.255168389136811 0.0
10.274441455329587 0.0
10.305874027466364 0.0
10.307942044414297 0.0
10.311291776274501 0.0
10.312394414761172 0.0
10.315662116881999 0.0
10.318057305280064 0.0
10.424635563570762 0.0
10.489984602074497 0.0
10.506663150491907 0.0
10.511937919971594 0.0
10.524264979715722 0.0
10.531496510993115 0.0
10.553538431285526 0.0
10.591584943501065 0.0
10.59430565166352 0.0
10.595652716766715 0.0
10.60784616857871 0.0
10.622926697737238 0.0
10.623491191705332 0.0
10.652008932832073 0.0
10.653099868020869 0.0
10.668546307900739 0.0
10.694967909995155 0.0
10.695041305978826 0.0
10.709107428329844 0.0
10.715522583265704 0.0
10.766718040592488 0.0
10.818802912988215 0.0
10.861960222048348 0.0
10.868416670708013 0.0
10.89584773262108 0.0
10.899569881361009 0.0
10.92586220713296 0.0
10.935838483006462 0.0
10.939485451970805 0.0
10.945939766969222 0.0
10.94938636854573 0.0
10.956605401606524 0.0
10.978456447235601 0.0
10.988723424870502 0.0
11.04651748911441 0.0
11.05384401009317 0.0
11.063689466359234 0.0
11.097445444035738 0.0
11.124015921341188 0.0
11.140161149968598 0.0
11.164582460865839 0.0
11.170472669947488 0.0
11.183090947512635 0.0
11.187815359717995 0.0
11.192628371420351 0.0
11.199475795747276 0.0
11.23933941449134 0.0
11.246460769879157 0.0
11.28015522132367 0.0
11.285148213882854 0.0
11.285250211426483 0.0
11.33137040005549 0.0
11.33185152977107 0.0
11.337665293604466 0.0
11.384996093800495 0.0
11.386991278467052 0.0
11.415653181876957 0.0
11.420459410147718 0.0
11.491751435793946 0.0
11.497509609406313 0.0
11.506461513779815 0.0
11.51187542312001 0.0
11.517332749135154 0.0
11.526169693762284 0.0
11.539084111385991 0.0
11.552754072615858 0.0
11.568287835964002 0.0
11.594569517371648 0.0
11.602473454679581 0.0
11.61218382734426 0.0
11.671204043072214 0.0
11.67457699028593 0.0
11.674634361801088 0.0
11.711578084535091 0.0
11.712123136883248 0.0
11.747505984991973 0.0
11.754673032879156 0.0
11.769804829466468 0.0
11.791314946907985 0.0
11.822305428803176 0.0
11.852593428695267 0.0
11.87034169866221 0.0
11.901587280231654 0.0
11.90302150511104 0.0
11.907520372320914 0.0
11.919620151385237 0.0
11.984207186436675 0.0
12.006925622709195 0.0
12.030706082646756 0.0
12.03244301988477 0.0
12.033217706743487 0.0
12.11185098128578 0.0
12.1150087632099 0.0
12.15283505203809 0.0
12.174188373499554 0.0
12.185578498398687 0.0
12.191747136206846 0.0
12.200378184400558 0.0
12.25695472591222 0.0
12.273332847494105 0.0
12.325713298482569 0.0
12.330574549982206 0.0
12.349077396158508 0.0
12.390717248962712 0.0
12.393389338017409 0.0
12.40426591228258 0.0
12.420213450081874 0.0
12.453763833198948 0.0
12.516589538382693 0.0
12.543177275010045 0.0
12.549973551144532 0.0
12.586648229096346 0.0
12.594647870210249 0.0
12.598294515062511 0.0
12.625915875388417 0.0
12.667207578662698 0.0
12.674248590859317 0.0
12.674526298331736 0.0
12.6791944191856 0.0
12.718438672233278 0.0
12.73256057547793 0.0
12.748903774485575 0.0
12.750700865200276 0.0
12.787590188005417 0.0
12.796101755368127 0.0
12.807194448560733 0.0
12.827948507594614 0.0
12.860268228415574 0.0
12.890659289118249 0.0
12.91822648368695 0.0
12.929401553073136 0.0
12.93076208263968 0.0
12.97998117863616 0.0
12.981899776662027 0.0
13.003106373509087 0.0
13.013277023268795 0.0
13.020994177458636 0.0
13.056826465903061 0.0
13.080813839023394 0.0
13.093712746114706 0.0
13.11853177584643 0.0
13.155436228710027 0.0
13.159129587541116 0.0
13.162538404730993 0.0
13.16479881532885 0.0
13.166022067496632 0.0
13.16666731019917 0.0
13.202932581516437 0.0
13.208300101633865 0.0
13.243843549927833 0.0
13.245153927201752 0.0
13.275978624731271 0.0
13.299839853390846 0.0
13.300038315501853 0.0
13.326496176313503 0.0
13.34357837250321 0.0
13.352266808838351 0.0
13.383943863602738 0.0
13.406763633092865 0.0
13.446846484814147 0.0
13.475857954177172 0.0
13.491453986965757 0.0
13.495062826886187 0.0
13.503241617192543 0.0
13.506298028916474 0.0
13.50645448072678 0.0
13.539692917418355 0.0
13.5515301096212 0.0
13.616765324862104 0.0
13.617392838709344 0.0
13.680741475248192 0.0
13.695145216135296 0.0
13.701870256550023 0.0
13.720069602643237 0.0
13.743075227252952 0.0
13.75459665099929 0.0
13.775412463555474 0.0
13.775673276483186 0.0
13.81067190538828 0.0
13.838629434043275 0.0
13.84095955081029 0.0
13.855196462595911 0.0
13.868562190519334 0.0
13.868845414527572 0.0
13.881601042550042 0.0
13.88230691401606 0.0
13.888009243901244 0.0
13.925025842097787 0.0
13.928571732562556 0.0
13.94728769116538 0.0
13.950296162540376 0.0
13.96898536881731 0.0
13.97199414306405 0.0
13.980656684274443 0.0
13.98110117087314 0.0
13.981450418669093 0.0
14.015414336911276 0.0
14.019366973840777 0.0
14.029325510423606 0.0
14.061058200543096 0.0
14.084091258259596 0.0
14.090737559889668 0.0
14.15652571789211 0.0
14.18787524198975 0.0
14.207829137684854 0.0
14.215230559553772 0.0
14.219366270198362 0.0
14.224000659327631 0.0
14.227171421916506 0.0
14.231735154813236 0.0
14.235040890907886 0.0
14.239192597651654 0.0
14.259480741439857 0.0
14.262257676195514 0.0
14.267867691042836 0.0
14.274946747273559 0.0
14.281743648898901 0.0
14.288027939525454 0.0
14.308419541542914 0.0
14.312367775227019 0.0
14.365663314533355 0.0
14.369573235118132 0.0
14.371900041686757 0.0
14.381177262475784 0.0
14.392720082760272 0.0
14.404617236722059 0.0
14.408199488057624 0.0
14.41176391547221 0.0
14.416422699332438 0.0
14.424108452798142 0.0
14.43095267234135 0.0
14.444237703143715 0.0
14.452846819808354 0.0
14.507087614373713 0.0
14.509150029763525 0.0
14.51529940124639 0.0
14.544411851569597 0.0
14.553039135322782 0.0
14.571342825759965 0.0
14.577040031651581 0.0
14.594302959529507 0.0
14.603023159747302 0.0
14.639570016251396 0.0
14.674946206819241 0.0
14.67548191959414 0.0
14.687728680444522 0.0
14.696648299343167 0.0
14.704644517222269 0.0
14.71367476150689 0.0
14.748968039124126 0.0
14.762423737639958 0.0
14.76426147788422 0.0
14.787247922606817 0.0
14.789184213421969 0.0
14.805687691478596 0.0
14.821627677283987 0.0
14.860218481727854 0.0
14.861530100142511 0.0
14.88728083789402 0.0
14.896867409052225 0.0
14.901311187323415 0.0
14.902234278488422 0.0
14.90415074766857 0.0
14.912946636246529 0.0
14.925404222104756 0.0
14.956165873007707 0.0
14.958262832574283 0.0
14.966843769963425 0.0
14.983601848860662 0.0
14.994609958501794 0.0
14.997778362390267 0.0
15.06730969560956 0.0
15.070805592900443 0.0
15.071131461735336 0.0
15.095062730898048 0.0
15.111219988976533 0.0
15.120891855122077 0.0
15.122012491638456 0.0
15.122897257002037 0.0
15.125091680701628 0.0
15.177336905358485 0.0
15.180908807962112 0.0
15.20475195305572 0.0
15.215602646420866 0.0
15.228335694715717 0.0
15.243934643515301 0.0
15.326022873593228 0.0
15.327402413154871 0.0
15.390749938953707 0.0
15.403002850969832 0.0
15.427956406019623 0.0
15.446634529961573 0.0
15.460361255805655 0.0
15.46821915805421 0.0
15.478134657044766 0.0
15.500323329538071 0.0
15.516500989087396 0.0
15.527243851762686 0.0
15.528185634717195 0.0
15.53835343626524 0.0
15.625074026298009 0.0
15.65060801248652 0.0
15.657947023530395 0.0
15.666070355183338 0.0
15.724708784596118 0.0
15.75596651581353 0.0
15.766086596902786 0.0
15.775833534428404 0.0
15.792740467147842 0.0
15.800814324470256 0.0
15.817989419142464 0.0
15.834074580961707 0.0
15.835384734673772 0.0
15.837515196891088 0.0
15.852165287717963 0.0
15.85720844029011 0.0
15.864148311631494 0.0
15.91262054693232 0.0
15.917930603857839 0.0
15.922829927839269 0.0
15.923051459767224 0.0
15.928214312731951 0.0
15.929207569201116 0.0
15.934449710602637 0.0
15.935246972054737 0.0
15.936318911960578 0.0
15.974984041191568 0.0
15.979338299122796 0.0
15.98646595695521 0.0
15.990027778866533 0.0
16.000454311946168 0.0
16.00906746750294 0.0
16.055439998107897 0.0
16.064399840345573 0.0
16.06648073226944 0.0
16.105116397457476 0.0
16.11747423573374 0.0
16.155852307000995 0.0
16.178305621154344 0.0
16.202301548985915 0.0
16.205473086152054 0.0
16.218382841778208 0.0
16.219526409305562 0.0
16.22617312428389 0.0
16.233789563799625 0.0
16.239796711644598 0.0
16.24199722213123 0.0
16.246171014602155 0.0
16.272180147563596 0.0
16.30670430943417 0.0
16.31552792156217 0.0
16.31782897052679 0.0
16.32954842633932 0.0
16.342221639825073 0.0
16.371409900310933 0.0
16.384630901016013 0.0
16.385090654628005 0.0
16.39453409077475 0.0
16.41374863651202 0.0
16.41866392152615 0.0
16.42256216505348 0.0
16.438508839240903 0.0
16.43980290500351 0.0
16.479082903403707 0.0
16.49147911055683 0.0
16.498799585594625 0.0
16.511953835911207 0.0
16.561565435209328 0.0
16.57827986754795 0.0
16.58292558452245 0.0
16.583945534218078 0.0
16.584447976432052 0.0
16.637681488480908 0.0
16.64173188276314 0.0
16.646155685828916 0.0
16.649610597035092 0.0
16.6670291866416 0.0
16.702166297358758 0.0
16.717177762614792 0.0
16.71962265774901 0.0
16.74648395164762 0.0
16.76743038769197 0.0
16.77050594546788 0.0
16.79997972821892 0.0
16.80280081146163 0.0
16.820891780524136 0.0
16.830241412230322 0.0
16.841966464309337 0.0
16.847287705767968 0.0
16.85144840427795 0.0
16.85283106648273 0.0
16.85917256130096 0.0
16.863971540959987 0.0
16.877142666255033 0.0
16.878575871120333 0.0
16.88768758367002 0.0
16.902891240159697 0.0
16.9086069839607 0.0
16.916921927716057 0.0
16.917691211748387 0.0
16.917802087218103 0.0
16.92880933670136 0.0
16.9320506942091 0.0
16.939534027359652 0.0
16.946619542082903 0.0
16.95336297967159 0.0
16.995649319482602 0.0
17.00343104372645 0.0
17.03747045598257 0.0
17.04143720465741 0.0
17.058839739105935 0.0
17.06139353407811 0.0
17.07530632915308 0.0
17.085294212498656 0.0
17.09441356856946 0.0
17.09657093214005 0.0
17.10515680430345 0.0
17.114572615345473 0.0
17.11613380044033 0.0
17.13433645946429 0.0
17.136375682562118 0.0
17.166411319497403 0.0
17.17653409104942 0.0
17.199560117853032 0.0
17.204370006074186 0.0
17.226440290534896 0.0
17.23687214911883 0.0
17.318096961351117 0.0
17.34385871546628 0.0
17.344150321483873 0.0
17.349399331322186 0.0
17.35052170360483 0.0
17.355194301096073 0.0
17.360514588920903 0.0
17.369631177806284 0.0
17.370496065507307 0.0
17.37650156601896 0.0
17.37661151546248 0.0
17.412389102518258 0.0
17.41545358879282 0.0
17.41828541925496 0.0
17.419211353967874 0.0
17.419800425299133 0.0
17.426960642609863 0.0
17.45193912564636 0.0
17.452678907784627 0.0
17.453837845095343 0.0
17.461859029835313 0.0
17.46498441170091 0.0
17.48547597802956 0.0
17.532279670591148 0.0
17.538647187129868 0.0
17.546560352268397 0.0
17.564473467991665 0.0
17.57679229645035 0.0
17.598654864013632 0.0
17.598996791639838 0.0
17.604230392350185 0.0
17.608509822272346 0.0
17.620332664407783 0.0
17.620533893975363 0.0
17.641535800205627 0.0
17.654874008453323 0.0
17.680959328604054 0.0
17.70484142133749 0.0
17.706035580718808 0.0
17.77003070005597 0.0
17.774911595615524 0.0
17.794069135976798 0.0
17.800207126173767 0.0
17.800580742603383 0.0
17.844841013996334 0.0
17.85474418163348 0.0
17.88493865691952 0.0
17.885381242049835 0.0
17.921573193821477 0.0
17.924594501460845 0.0
17.925521424132487 0.0
17.93564470102061 0.0
17.96152315655 0.0
17.96265043649788 0.0
17.97466814652458 0.0
17.995072754061336 0.0
17.99528958322555 0.0
18.003778766932463 0.0
18.007392978557363 0.0
18.034980105267188 0.0
18.044945335117486 0.0
18.066247438893356 0.0
18.06665055595042 0.0
18.077006455053677 0.0
18.085958801802466 0.0
18.11083411353033 0.0
18.116225085959268 0.0
18.126566828982607 0.0
18.158645380988307 0.0
18.159367039508965 0.0
18.16129166435645 0.0
18.212075307730938 0.0
18.215709911278104 0.0
18.217460249487992 0.0
18.22047864772377 0.0
18.22130843677597 0.0
18.23255254134363 0.0
18.237971091083725 0.0
18.25041548493224 0.0
18.253495967130082 0.0
18.273071102659106 0.0
18.274746306824646 0.0
18.293143941249024 0.0
18.29605764084883 0.0
18.321084392401218 0.0
18.324763977888423 0.0
18.327449688628125 0.0
18.334325449029578 0.0
18.33451566459101 0.0
18.34423765570249 0.0
18.34950502513544 0.0
18.350133184738386 0.0
18.36712273553406 0.0
18.373601562061868 0.0
18.377819195462763 0.0
18.392682380182404 0.0
18.399576999322502 0.0
18.41654807974735 0.0
18.43090074343852 0.0
18.433324880477603 0.0
18.441460905093077 0.0
18.447424654712645 0.0
18.488981969353453 0.0
18.509737141529527 0.0
18.519532216028637 0.0
18.52886152727756 0.0
18.53396648890589 0.0
18.53685454508664 0.0
18.60144889574293 0.0
18.60888153281457 0.0
18.613430327699874 0.0
18.61503969634237 0.0
18.62042601577259 0.0
18.63515981753753 0.0
18.635280305221354 0.0
18.646964409267984 0.0
18.65532493110991 0.0
18.661914527425477 0.0
18.66835219365554 0.0
18.68130927728259 0.0
18.692963424202937 0.0
18.73082303472656 0.0
18.73280218303297 0.0
18.738815822382588 0.0
18.743115651265825 0.0
18.781249122889466 0.0
18.810990118130157 0.0
18.846784965414255 0.0
18.872511525029957 0.0
18.89062247663558 0.0
18.89733091991272 0.0
18.898760756267258 0.0
18.916133578916572 0.0
18.921375642432004 0.0
18.940281335788576 0.0
18.961115640864964 0.0
18.96848653211896 0.0
18.982950394864023 0.0
18.990238874531276 0.0
18.998578427588495 0.0
19.000096329903165 0.0
19.003000579473962 0.0
19.00860837297435 0.0
19.015237622306138 0.0
19.015510866989274 0.0
19.041247165411686 0.0
19.065903174244372 0.0
19.066426462459003 0.0
19.08475017125462 0.0
19.08539536709016 0.0
19.09275369717132 0.0
19.100488725216977 0.0
19.13497006822249 0.0
19.14470051269787 0.0
19.210251325517017 0.0
19.21589211817462 0.0
19.22079961581861 0.0
19.22856790823975 0.0
19.236510810176625 0.0
19.264770714521582 0.0
19.26576782587447 0.0
19.268062039642352 0.0
19.272917254633814 0.0
19.275316433948625 0.0
19.28382133912217 0.0
19.284233405354623 0.0
19.28750612390496 0.0
19.302493186908986 0.0
19.305486470529335 0.0
19.31458268282029 0.0
19.31811832592477 0.0
19.33044343203398 0.0
19.35368089762982 0.0
19.354963293395347 0.0
19.382286691309606 0.0
19.383854423086717 0.0
19.385888277966288 0.0
19.38702521582472 0.0
19.437770163799918 0.0
19.449939190326802 0.0
19.45658555823089 0.0
19.457362004687702 0.0
19.477486700741466 0.0
19.484534689499995 0.0
19.50122385234892 0.0
19.54102882294462 0.0
19.552563173900538 0.0
19.569525047176416 0.0
19.575926370332425 0.0
19.579744446613628 0.0
19.598664215359967 0.0
19.61913711834071 0.0
19.67004152043759 0.0
19.725757758154163 0.0
19.72718620222248 0.0
19.734115832594888 0.0
19.758685412420036 0.0
19.778310339626703 0.0
19.792912804924256 0.0
19.793514961210896 0.0
19.807174871865563 0.0
19.82505624151592 0.0
19.84707588839085 0.0
19.848916094716245 0.0
19.856967695110082 0.0
19.86200578925387 0.0
19.86711434044958 0.0
19.87394196909514 0.0
19.8740953229709 0.0
19.904042617781222 0.0
19.926276594687298 0.0
19.928322158370957 0.0
19.944236028794567 0.0
19.94975852633137 0.0
19.956302087762943 0.0
19.96156388703257 0.0
19.982483157309055 0.0
19.997199164955827 0.0
