0 0.0 0.0 1.0
1 0.0 0.0 1.0
2 0.0 0.0 1.0
3 0.0 0.0 1.0
4 0.0 0.0 1.0
5 0.0 0.0 1.0
6 0.0 0.0 1.0
7 0.0 0.0 1.0
8 0.0 0.0 1.0
9 0.0 0.0 1.0
10 0.0 0.0 1.0
11 0.0 0.0 1.0
12 0.0 0.0 1.0
13 0.0 0.0 1.0
14 0.0 0.0 1.0
15 0.0 0.0 1.0
16 0.0 0.0 1.0
17 0.0 0.0 1.0
18 0.0 0.0016 0.9984
19 0.0 0.0096 0.9904
20 0.0 0.0176 0.9824
21 0.0016 0.0256 0.9728
22 0.008 0.0368 0.9552
23 0.0112 0.0432 0.9456
24 0.0176 0.0432 0.9392
25 0.0192 0.0512 0.9296
26 0.0272 0.0432 0.9296
27 0.0368 0.0368 0.9264
28 0.0432 0.032 0.9248
29 0.0512 0.0288 0.92
30 0.0592 0.0208 0.92
31 0.064 0.016 0.92
32 0.0656 0.0144 0.92
33 0.0688 0.0112 0.92
34 0.072 0.008 0.92
35 0.0736 0.0064 0.92
36 0.0784 0.0016 0.92
37 0.0784 0.0016 0.92
38 0.0784 0.0016 0.92
39 0.0784 0.0016 0.92
40 0.0784 0.0016 0.92
41 0.0784 0.0016 0.92
42 0.0784 0.0032 0.9184
43 0.0784 0.0048 0.9168
44 0.0784 0.0112 0.9104
45 0.0784 0.0144 0.9072
46 0.0784 0.016 0.9056
47 0.08 0.0144 0.9056
48 0.0816 0.0144 0.904
49 0.0848 0.0144 0.9008
50 0.0848 0.0176 0.8976
51 0.088 0.0192 0.8928
52 0.088 0.0192 0.8928
53 0.0944 0.016 0.8896
54 0.0944 0.016 0.8896
55 0.0992 0.0128 0.888
56 0.1024 0.0096 0.888
57 0.1056 0.0064 0.888
58 0.1072 0.0064 0.8864
59 0.1088 0.0048 0.8864
60 0.1104 0.0048 0.8848
61 0.1104 0.0048 0.8848
62 0.112 0.0048 0.8832
63 0.112 0.0048 0.8832
64 0.1136 0.0064 0.88
65 0.1136 0.0064 0.88
66 0.1152 0.008 0.8768
67 0.1152 0.008 0.8768
68 0.1168 0.008 0.8752
69 0.1184 0.008 0.8736
70 0.1184 0.0096 0.872
71 0.1184 0.0112 0.8704
72 0.12 0.0128 0.8672
73 0.12 0.0128 0.8672
74 0.1216 0.0112 0.8672
75 0.1232 0.0096 0.8672
76 0.1248 0.0096 0.8656
77 0.1264 0.008 0.8656
78 0.1264 0.0096 0.864
79 0.128 0.0096 0.8624
80 0.1296 0.008 0.8624
81 0.1296 0.0096 0.8608
82 0.1296 0.0096 0.8608
83 0.1312 0.0112 0.8576
84 0.1312 0.0128 0.856
85 0.1344 0.0096 0.856
86 0.1344 0.0128 0.8528
87 0.1344 0.0128 0.8528
88 0.1344 0.0128 0.8528
89 0.1344 0.0144 0.8512
90 0.136 0.0144 0.8496
91 0.1408 0.0096 0.8496
92 0.1424 0.008 0.8496
93 0.144 0.0064 0.8496
94 0.1456 0.0048 0.8496
95 0.1472 0.0032 0.8496
96 0.1472 0.0048 0.848
97 0.1472 0.0048 0.848
98 0.1472 0.0048 0.848
99 0.1472 0.0064 0.8464
100 0.0 0.0 1.0
