0 0.0 0.0 1.0
1 0.0 0.0 1.0
2 0.0 0.0 1.0
3 0.0 0.0 1.0
4 0.0 0.0 1.0
5 0.0 0.0 1.0
6 0.0 0.0 1.0
7 0.0 0.0 1.0
8 0.0 0.0 1.0
9 0.0 0.0 1.0
10 0.0 0.0 1.0
11 0.0 0.0 1.0
12 0.0 0.0 1.0
13 0.0 0.0 1.0
14 0.0 0.0 1.0
15 0.0 0.0 1.0
16 0.0 0.0 1.0
17 0.0 0.0032 0.9968
18 0.0 0.0032 0.9968
19 0.0 0.016 0.984
20 0.0 0.0256 0.9744
21 0.0016 0.0368 0.9616
22 0.0032 0.0432 0.9536
23 0.0064 0.0496 0.944
24 0.0112 0.048 0.9408
25 0.0112 0.0592 0.9296
26 0.0256 0.0512 0.9232
27 0.0336 0.0464 0.92
28 0.0432 0.0368 0.92
29 0.0464 0.0336 0.92
30 0.0464 0.0336 0.92
31 0.0544 0.0256 0.92
32 0.0592 0.0208 0.92
33 0.064 0.016 0.92
34 0.0656 0.016 0.9184
35 0.0656 0.016 0.9184
36 0.0704 0.0112 0.9184
37 0.072 0.0096 0.9184
38 0.0752 0.008 0.9168
39 0.0768 0.008 0.9152
40 0.08 0.0064 0.9136
41 0.08 0.0096 0.9104
42 0.08 0.0128 0.9072
43 0.08 0.0128 0.9072
44 0.08 0.016 0.904
45 0.08 0.0176 0.9024
46 0.0816 0.016 0.9024
47 0.0816 0.0192 0.8992
48 0.0848 0.0176 0.8976
49 0.088 0.016 0.896
50 0.0944 0.0096 0.896
51 0.0944 0.0096 0.896
52 0.0944 0.0112 0.8944
53 0.0944 0.0128 0.8928
54 0.0992 0.0096 0.8912
55 0.1024 0.0096 0.888
56 0.1024 0.0128 0.8848
57 0.104 0.0128 0.8832
58 0.104 0.0144 0.8816
59 0.104 0.0144 0.8816
60 0.104 0.016 0.88
61 0.1072 0.0176 0.8752
62 0.1104 0.0176 0.872
63 0.1104 0.0176 0.872
64 0.1136 0.016 0.8704
65 0.1152 0.0144 0.8704
66 0.1168 0.0128 0.8704
67 0.1216 0.008 0.8704
68 0.1232 0.0064 0.8704
69 0.1264 0.0032 0.8704
70 0.1264 0.0048 0.8688
71 0.128 0.0048 0.8672
72 0.128 0.0048 0.8672
73 0.128 0.0064 0.8656
74 0.1296 0.0048 0.8656
75 0.1296 0.008 0.8624
76 0.1296 0.008 0.8624
77 0.1296 0.008 0.8624
78 0.1296 0.008 0.8624
79 0.1296 0.008 0.8624
80 0.1312 0.0096 0.8592
81 0.1312 0.0096 0.8592
82 0.1312 0.0112 0.8576
83 0.1312 0.0128 0.856
84 0.1312 0.016 0.8528
85 0.1328 0.016 0.8512
86 0.1328 0.0176 0.8496
87 0.1344 0.016 0.8496
88 0.136 0.0144 0.8496
89 0.136 0.0176 0.8464
90 0.1376 0.0176 0.8448
91 0.1392 0.016 0.8448
92 0.1392 0.016 0.8448
93 0.1392 0.0176 0.8432
94 0.1392 0.0176 0.8432
95 0.1408 0.016 0.8432
96 0.1424 0.0144 0.8432
97 0.1424 0.0144 0.8432
98 0.144 0.016 0.84
99 0.1472 0.0144 0.8384
100 0.0 0.0 1.0
